Field ID RA DEC X_r Y_r s2n_r_psf s2n_J0660_psf s2n_i_psf CLASS_STAR_r CLASS_STAR_i u_psf J0378_psf J0395_psf J0410_psf J0430_psf g_psf J0515_psf r_psf J0660_psf i_psf J0861_psf z_psf e_u_psf e_J0378_psf e_J0395_psf e_J0410_psf e_J0430_psf e_g_psf e_J0515_psf e_r_psf e_J0660_psf e_i_psf e_J0861_psf e_z_psf
MC0118 iDR4_3_MC0118_0002512 30.696186065673828 -74.09912109375 1421.1099853515625 1250.010009765625 33.84375 36.099998474121094 19.339284896850586 1 1 18.70958709716797 18.13758659362793 17.969587326049805 17.9464168548584 17.99041748046875 18.112417221069336 18.06741714477539 18.2844295501709 18.145429611206055 18.536026000976562 18.611148834228516 18.65414810180664 0.032999999821186066 0.035999998450279236 0.04600000008940697 0.04399999976158142 0.032999999821186066 0.028999999165534973 0.03799999877810478 0.03200000151991844 0.029999999329447746 0.0560000017285347 0.06499999761581421 0.09799999743700027
MC0061 iDR4_3_MC0061_0007343 68.70252227783203 -70.26851654052734 2296.81005859375 1777.300048828125 24.613636016845703 25.186046600341797 26.414634704589844 1 1 99.0 99.0 99.0 99.0 99.0 19.308841705322266 19.02684211730957 18.4232120513916 17.900211334228516 18.07046890258789 17.95925521850586 17.86525535583496 99.0 99.0 99.0 99.0 99.0 0.05999999865889549 0.06599999964237213 0.04399999976158142 0.0430000014603138 0.04100000113248825 0.06599999964237213 0.06400000303983688
MC0137 iDR4_3_MC0137_0038149 26.77703094482422 -74.20252227783203 3606.7900390625 8690.5703125 34.935482025146484 67.6875 37.344825744628906 1 1 18.0707950592041 18.059795379638672 18.341794967651367 18.548696517944336 18.536697387695312 18.56669807434082 18.75569725036621 18.54065704345703 17.718656539916992 18.328767776489258 18.326719284057617 18.32971954345703 0.02199999988079071 0.02800000086426735 0.057999998331069946 0.054999999701976776 0.052000001072883606 0.024000000208616257 0.04600000008940697 0.03099999949336052 0.01600000075995922 0.028999999165534973 0.061000000685453415 0.05999999865889549
MC0137 iDR4_3_MC0137_0015372 27.2691707611084 -74.81312561035156 2834.590087890625 4675.81005859375 41.653846740722656 57.0 30.08333396911621 1 1 18.31709098815918 18.163089752197266 18.148090362548828 18.608413696289062 18.623931884765625 18.71541404724121 18.7694149017334 18.577226638793945 17.919227600097656 18.53590965270996 18.171794891357422 18.37479591369629 0.02800000086426735 0.03200000151991844 0.0430000014603138 0.0560000017285347 0.052000001072883606 0.026000000536441803 0.032999999821186066 0.026000000536441803 0.01899999938905239 0.035999998450279236 0.054999999701976776 0.05999999865889549
MC0078 iDR4_3_MC0078_0012417 42.875511169433594 -71.00177001953125 3337.719970703125 5256.25 34.935482025146484 36.099998474121094 26.414634704589844 1 1 18.973731994628906 18.826732635498047 19.04073143005371 19.245193481445312 19.170194625854492 19.136194229125977 19.165193557739258 18.766077041625977 18.45307731628418 18.693458557128906 18.645376205444336 18.674375534057617 0.039000000804662704 0.0430000014603138 0.07199999690055847 0.06800000369548798 0.06300000101327896 0.028999999165534973 0.041999999433755875 0.03099999949336052 0.029999999329447746 0.04100000113248825 0.06800000369548798 0.0689999982714653
MC0021 iDR4_3_MC0021_0043791 69.88197326660156 -66.09993743896484 7548.31982421875 3938.8798828125 33.84375 13.884614944458008 28.5 1 1 99.0 99.0 99.0 99.0 99.0 19.33926773071289 19.355268478393555 18.80481719970703 18.327817916870117 18.584064483642578 18.602949142456055 18.595949172973633 99.0 99.0 99.0 99.0 99.0 0.04699999839067459 0.11400000005960464 0.03200000151991844 0.07800000160932541 0.03799999877810478 0.08100000023841858 0.08100000023841858
MC0001 iDR4_3_MC0001_0015707 66.98883819580078 -63.463417053222656 7557.66015625 4209.4599609375 49.227272033691406 27.769229888916016 38.67856979370117 1 1 19.005226135253906 19.020225524902344 19.15322494506836 19.287050247192383 19.23805046081543 19.2220516204834 19.18505096435547 18.868732452392578 18.54273223876953 18.805665969848633 18.917695999145508 18.936695098876953 0.07800000160932541 0.03200000151991844 0.04800000041723251 0.04600000008940697 0.03999999910593033 0.023000000044703484 0.03799999877810478 0.02199999988079071 0.039000000804662704 0.02800000086426735 0.0949999988079071 0.09600000083446503
MC0146 iDR4_3_MC0146_0011885 69.39715576171875 -75.1639175415039 9861.7998046875 2318.7900390625 20.826923370361328 27.769229888916016 14.25 1 1 19.551969528198242 19.071969985961914 18.749969482421875 18.641626358032227 18.733627319335938 18.766626358032227 18.717626571655273 18.830907821655273 18.344907760620117 19.039501190185547 18.98736572265625 19.030364990234375 0.09600000083446503 0.0989999994635582 0.09099999815225601 0.07900000363588333 0.09700000286102295 0.05299999937415123 0.08299999684095383 0.052000001072883606 0.039000000804662704 0.07599999755620956 0.0949999988079071 0.09700000286102295
MC0105 iDR4_3_MC0105_0015631 60.125247955322266 -71.55850219726562 9842.01953125 9752.2998046875 29.2702693939209 28.5 15.926470756530762 1 1 19.419841766357422 19.304841995239258 19.180145263671875 19.385292053222656 19.260292053222656 19.345291137695312 19.359291076660156 18.98046875 18.710468292236328 18.954591751098633 18.989707946777344 18.988706588745117 0.05299999937415123 0.0689999982714653 0.07699999958276749 0.08399999886751175 0.07400000095367432 0.03400000184774399 0.06300000101327896 0.03700000047683716 0.03799999877810478 0.06800000369548798 0.09799999743700027 0.10899999737739563
MC0123 iDR4_3_MC0123_0017692 51.52437973022461 -73.33306884765625 6590.97021484375 6336.97021484375 28.5 33.84375 22.102041244506836 1 1 19.217975616455078 19.210975646972656 19.29497528076172 19.42974090576172 19.206741333007812 19.31374168395996 19.320741653442383 18.92173194885254 18.587732315063477 18.821815490722656 18.78356170654297 18.80156135559082 0.04800000041723251 0.06300000101327896 0.07999999821186066 0.09600000083446503 0.08100000023841858 0.032999999821186066 0.05700000002980232 0.03799999877810478 0.03200000151991844 0.04899999871850014 0.09300000220537186 0.10300000011920929
MC0117 iDR4_3_MC0117_0009311 25.79279136657715 -72.95071411132812 1454.469970703125 8773.849609375 25.186046600341797 36.099998474121094 12.168539047241211 1 1 19.368310928344727 19.479310989379883 19.242311477661133 99.0 19.341049194335938 18.841049194335938 19.47104835510254 18.933162689208984 16.848163604736328 19.932981491088867 99.0 99.0 0.07500000298023224 0.09600000083446503 0.11800000071525574 99.0 0.10100000351667404 0.039000000804662704 0.07999999821186066 0.0430000014603138 0.029999999329447746 0.08900000154972076 99.0 99.0
MC0122 iDR4_3_MC0122_0010129 49.480567932128906 -73.52427673339844 1580.2900390625 5021.43017578125 20.826923370361328 30.08333396911621 15.926470756530762 1 1 19.112499237060547 19.129499435424805 19.20549964904785 19.42524528503418 19.253244400024414 19.44724464416504 19.701244354248047 19.256860733032227 18.644861221313477 19.280593872070312 19.141921997070312 19.106922149658203 0.052000001072883606 0.0729999989271164 0.08399999886751175 0.10199999809265137 0.08900000154972076 0.05700000002980232 0.07699999958276749 0.052000001072883606 0.035999998450279236 0.06800000369548798 0.10999999940395355 0.09099999815225601
MC0104 iDR4_3_MC0104_0006565 57.539554595947266 -72.50218200683594 5969.330078125 3649.72998046875 23.042552947998047 30.94285774230957 18.049999237060547 1 1 99.0 99.0 99.0 99.0 99.0 19.81918716430664 19.78118896484375 19.420082092285156 18.99308204650879 19.30210304260254 19.16213035583496 19.240131378173828 99.0 99.0 99.0 99.0 99.0 0.05400000140070915 0.09300000220537186 0.04699999839067459 0.03500000014901161 0.05999999865889549 0.09099999815225601 0.10700000077486038
MC0123 iDR4_3_MC0123_0008523 53.593788146972656 -73.54412841796875 2740.75 4926.3798828125 23.042552947998047 25.186046600341797 15.253520965576172 1 1 20.213590621948242 99.0 99.0 19.577260971069336 19.278261184692383 19.71626091003418 19.638261795043945 19.445383071899414 19.02738380432129 19.32427406311035 19.27805519104004 19.27205467224121 0.09399999678134918 99.0 99.0 0.10999999940395355 0.0860000029206276 0.05000000074505806 0.07999999821186066 0.04699999839067459 0.0430000014603138 0.07100000232458115 0.14100000262260437 0.1289999932050705
MC0123 iDR4_3_MC0123_0008651 49.4806022644043 -73.52427673339844 10371.5 4983.740234375 18.049999237060547 34.935482025146484 11.77173900604248 1 1 19.47907829284668 19.349079132080078 19.14107894897461 19.509096145629883 19.57709503173828 19.647096633911133 19.794095993041992 19.540233612060547 18.67923355102539 19.527254104614258 99.0 19.545082092285156 0.054999999701976776 0.0820000022649765 0.0860000029206276 0.10599999874830246 0.11299999803304672 0.04600000008940697 0.09300000220537186 0.05999999865889549 0.03099999949336052 0.09200000017881393 99.0 0.16500000655651093
MC0121 iDR4_3_MC0121_0012119 42.231868743896484 -72.92655944824219 6268.66015625 9000.6103515625 19.0 23.042552947998047 13.370369911193848 1 1 20.4433650970459 20.260364532470703 99.0 99.0 99.0 20.263317108154297 99.0 19.762592315673828 19.381591796875 19.726701736450195 99.0 19.686405181884766 0.10499999672174454 0.11299999803304672 99.0 99.0 99.0 0.06700000166893005 99.0 0.05700000002980232 0.04699999839067459 0.08100000023841858 99.0 0.13300000131130219
MC0103 iDR4_3_MC0103_0007914 54.11764144897461 -72.37507629394531 3946.139892578125 4472.490234375 21.235294342041016 23.042552947998047 13.370369911193848 1 1 99.0 99.0 99.0 99.0 99.0 20.23643684387207 20.246437072753906 19.769243240356445 19.407243728637695 19.78124237060547 99.0 99.0 99.0 99.0 99.0 99.0 99.0 0.06499999761581421 0.11900000274181366 0.050999999046325684 0.04699999839067459 0.08100000023841858 99.0 99.0
MC0079 iDR4_3_MC0079_0000943 45.56486892700195 -71.40000915527344 6506.06005859375 2663.659912109375 22.102041244506836 23.54347801208496 14.25 1 1 20.280414581298828 19.700414657592773 20.21741485595703 99.0 99.0 20.366756439208984 20.34175682067871 19.751779556274414 19.369779586791992 19.832042694091797 19.892786026000977 19.929786682128906 0.08500000089406967 0.07500000298023224 0.12399999797344208 99.0 99.0 0.06599999964237213 0.09700000286102295 0.04899999871850014 0.04600000008940697 0.07599999755620956 0.15299999713897705 0.164000004529953
MC0053 iDR4_3_MC0053_0010479 36.6156120300293 -69.75491333007812 3210.199951171875 5158.35009765625 20.05555534362793 21.235294342041016 12.448275566101074 1 1 20.28833770751953 20.05533790588379 20.144338607788086 20.476675033569336 20.182674407958984 20.228673934936523 20.337675094604492 19.94136619567871 19.58836555480957 19.97492218017578 19.955917358398438 19.950916290283203 0.10599999874830246 0.09600000083446503 0.12800000607967377 0.1459999978542328 0.12999999523162842 0.06199999898672104 0.11599999666213989 0.05400000140070915 0.050999999046325684 0.08699999749660492 0.12999999523162842 0.13600000739097595
MC0062 iDR4_3_MC0062_0028316 69.28010559082031 -69.54983520507812 9910.76953125 6450.10986328125 108.30000305175781 108.30000305175781 67.6875 1 1 15.872187614440918 15.79622745513916 15.724227905273438 15.879441261291504 15.911260604858398 16.090930938720703 16.054931640625 16.162948608398438 15.90894889831543 16.246742248535156 16.435483932495117 16.454483032226562 0.009999999776482582 0.009999999776482582 0.014000000432133675 0.013000000268220901 0.014000000432133675 0.00800000037997961 0.012000000104308128 0.009999999776482582 0.009999999776482582 0.01600000075995922 0.023000000044703484 0.027000000700354576
MC0139 iDR4_3_MC0139_0022568 37.508785247802734 -74.54354095458984 2868.800048828125 6441.89013671875 135.375 108.30000305175781 77.35713958740234 1 1 15.6970853805542 15.649085998535156 15.6030855178833 15.65849494934082 15.719494819641113 15.873494148254395 15.888494491577148 16.023223876953125 15.863224983215332 16.22480583190918 16.40943717956543 16.428436279296875 0.008999999612569809 0.009999999776482582 0.013000000268220901 0.009999999776482582 0.012000000104308128 0.006000000052154064 0.010999999940395355 0.00800000037997961 0.009999999776482582 0.014000000432133675 0.01899999938905239 0.017000000923871994
MC0098 iDR4_3_MC0098_0014257 30.59601402282715 -71.67740631103516 6560.43994140625 9044.7998046875 60.16666793823242 72.19999694824219 54.150001525878906 1 1 16.140087127685547 15.821087837219238 15.744087219238281 15.761202812194824 15.795202255249023 15.955202102661133 15.96020221710205 16.134477615356445 15.98947811126709 16.382265090942383 16.57314682006836 16.58014678955078 0.012000000104308128 0.01600000075995922 0.014999999664723873 0.014999999664723873 0.01600000075995922 0.01600000075995922 0.014999999664723873 0.017999999225139618 0.014999999664723873 0.019999999552965164 0.023000000044703484 0.02500000037252903
MC0137 iDR4_3_MC0137_0017987 24.21562385559082 -74.73171997070312 8083.47021484375 5210.93994140625 120.33333587646484 154.7142791748047 90.25 1 1 16.51816177368164 16.262161254882812 16.218162536621094 16.19223976135254 16.21424102783203 16.370241165161133 16.38524055480957 16.422801971435547 15.9068021774292 16.627687454223633 16.731643676757812 16.74164390563965 0.009999999776482582 0.010999999940395355 0.014000000432133675 0.013000000268220901 0.013000000268220901 0.00800000037997961 0.009999999776482582 0.008999999612569809 0.007000000216066837 0.012000000104308128 0.020999999716877937 0.02500000037252903
MC0125 iDR4_3_MC0125_0023561 60.167686462402344 -73.2766342163086 8158.3701171875 6680.31005859375 36.099998474121094 57.0 36.099998474121094 1 1 16.963144302368164 16.92158317565918 16.834583282470703 16.91669464111328 16.903181076049805 17.038694381713867 17.0031795501709 17.062116622924805 16.783708572387695 17.160030364990234 17.345129013061523 17.383129119873047 0.01899999938905239 0.023000000044703484 0.024000000208616257 0.026000000536441803 0.024000000208616257 0.02199999988079071 0.02800000086426735 0.029999999329447746 0.01899999938905239 0.029999999329447746 0.03999999910593033 0.03400000184774399
MC0121 iDR4_3_MC0121_0005515 43.48139572143555 -73.7499771118164 3943.989990234375 3602.330078125 108.30000305175781 108.30000305175781 57.0 1 1 16.91376495361328 16.679765701293945 16.580764770507812 16.596540451049805 16.621540069580078 16.769540786743164 16.805540084838867 16.937143325805664 16.77814292907715 17.154605865478516 17.343488693237305 17.321489334106445 0.012000000104308128 0.014999999664723873 0.014000000432133675 0.014999999664723873 0.014000000432133675 0.008999999612569809 0.01600000075995922 0.009999999776482582 0.009999999776482582 0.01899999938905239 0.03400000184774399 0.032999999821186066
MC0056 iDR4_3_MC0056_0008122 47.27646255493164 -69.9193115234375 5941.1298828125 4100.5498046875 83.30769348144531 51.57143020629883 45.125 1 1 17.292665481567383 16.909666061401367 17.169666290283203 17.2009334564209 17.14193344116211 17.192934036254883 17.125932693481445 17.006797790527344 16.69879913330078 17.143272399902344 16.791030883789062 16.54003143310547 0.017000000923871994 0.01600000075995922 0.02199999988079071 0.019999999552965164 0.02199999988079071 0.012000000104308128 0.01600000075995922 0.013000000268220901 0.020999999716877937 0.024000000208616257 0.026000000536441803 0.024000000208616257
MC0119 iDR4_3_MC0119_0001776 31.65372085571289 -74.09396362304688 8198.6904296875 1327.6300048828125 67.6875 60.16666793823242 43.31999969482422 1 1 17.24673843383789 17.05573844909668 16.957738876342773 16.95069122314453 16.948692321777344 17.089691162109375 17.11069107055664 17.260818481445312 17.094818115234375 17.467676162719727 17.5749568939209 17.64595603942871 0.01899999938905239 0.019999999552965164 0.027000000700354576 0.020999999716877937 0.01899999938905239 0.014000000432133675 0.01899999938905239 0.01600000075995922 0.017999999225139618 0.02500000037252903 0.03400000184774399 0.041999999433755875
MC0121 iDR4_3_MC0121_0004721 44.25648498535156 -73.80469512939453 2534.31005859375 3214.830078125 72.19999694824219 77.35713958740234 43.31999969482422 1 1 17.42339324951172 17.27439308166504 17.22039222717285 17.112510681152344 17.18151092529297 17.286510467529297 17.307512283325195 17.43161392211914 17.21661376953125 17.640417098999023 17.832015991210938 17.831016540527344 0.01899999938905239 0.020999999716877937 0.028999999165534973 0.020999999716877937 0.019999999552965164 0.009999999776482582 0.02199999988079071 0.014999999664723873 0.014000000432133675 0.02500000037252903 0.04800000041723251 0.04399999976158142
MC0061 iDR4_3_MC0061_0073980 67.8192138671875 -69.2482681274414 4186.72998046875 8487.51953125 36.099998474121094 41.653846740722656 27.769229888916016 1 1 17.918249130249023 17.6302490234375 17.533248901367188 17.570384979248047 17.521385192871094 17.704383850097656 17.67438507080078 17.741872787475586 17.54087257385254 17.882478713989258 17.927392959594727 18.004392623901367 0.041999999433755875 0.03500000014901161 0.03999999910593033 0.039000000804662704 0.032999999821186066 0.02199999988079071 0.03099999949336052 0.029999999329447746 0.026000000536441803 0.039000000804662704 0.04800000041723251 0.07900000363588333
MC0061 iDR4_3_MC0061_0040674 66.15621948242188 -69.7060317993164 7989.740234375 5474.93994140625 24.613636016845703 57.0 11.164948463439941 1 1 18.30666732788086 18.20566749572754 18.166667938232422 18.562286376953125 18.117286682128906 17.301286697387695 18.566286087036133 17.820388793945312 15.834389686584473 18.597776412963867 18.67389488220215 18.517894744873047 0.05900000035762787 0.04899999871850014 0.0560000017285347 0.05999999865889549 0.04600000008940697 0.028999999165534973 0.05999999865889549 0.04399999976158142 0.01899999938905239 0.09700000286102295 0.08900000154972076 0.15800000727176666
